30
1000
1, 100
y
10
10
100
10
10
2000
1, 100
y
10
10
150
10
10
3000
1, 100
y
10
10
100
10
10
4000
1, 100
y
10
10
100
10
10
5000
1, 100
y
10
10
100
10
10
6000
1, 100
y
10
10
100
10
10
7000
1, 100
y
10
10
100
10
10
8000
1, 100
y
10
10
100
10
10
9000
1, 100
y
10
10
100
10
10
10000
1, 100
y
10
10
100
10
10
11000
1, 100
y
10
10
100
10
10
12000
1, 100
y
10
10
100
10
10
13000
1, 100
y
10
10
100
10
10
14000
1, 100
y
10
10
100
10
10
15000
1, 100
y
10
10
100
10
10
16000
1, 100
y
10
10
100
10
10
17000
1, 100
y
10
10
150
10
10
18000
1, 100
y
10
10
100
10
10
19000
1, 100
y
10
10
100
10
10
20000
1, 100
y
10
10
100
10
10
21000
1, 100
y
10
10
100
10
10
22000
1, 100
y
10
10
100
10
10
23000
1, 100
y
10
10
100
10
10
24000
1, 100
y
10
10
100
10
10
25000
1, 100
y
10
10
100
10
10
26000
1, 100
y
10
10
100
10
10
27000
1, 100
y
10
10
100
10
10
28000
1, 100
y
10
10
100
10
10
29000
1, 100
y
10
10
100
10
10
30000
1, 100
y
10
10
100
10
10
