20
100
1, 100
y
10
10
100
10
10
200
1, 100
y
10
10
100
10
10
300
1, 100
y
10
10
150
10
10
400
1, 100
y
10
10
100
10
10
500
1, 100
y
10
10
100
10
10
600
1, 100
y
10
10
100
10
10
700
1, 100
y
10
10
100
10
10
800
1, 100
y
10
10
100
10
10
900
1, 100
y
10
10
100
10
10
1000
1, 100
y
10
10
100
10
10
1100
1, 100
y
10
10
100
10
10
1200
1, 100
y
10
10
100
10
10
1300
1, 100
y
10
10
100
10
10
1400
1, 100
y
10
10
100
10
10
1500
1, 100
y
10
10
100
10
10
1600
1, 100
y
10
10
100
10
10
1700
1, 100
y
10
10
100
10
10
1800
1, 100
y
10
10
150
10
10
1900
1, 100
y
10
10
100
10
10
2000
1, 100
y
10
10
100
10
10